2 0.590286 0.708959 0.0625808 0.15921
19 0.388523 0.200425 0.77084 0.400849
6 0.636061 0.431318 0.175661 0.343939
1 0.177877 0.287587 0.355735 0.575173
0 0.326916 0.328808 0.653833 0.655446
1 0.28025 0.387667 0.560501 0.752553
3 0.516773 0.421931 0.0685754 0.335952
3 0.536322 0.705932 0.0357128 0.151003
10 0.293103 0.413986 0.172892 0.358861
19 0.781007 0.372244 0.0805606 0.100067
1 0.364713 0.569352 0.0451163 0.0606273
0 0.238176 0.330985 0.474361 0.661971
4 0.448761 0.698388 0.0705152 0.164727
8 0.291951 0.413954 0.170899 0.361588
1 0.552824 0.767354 0.0209499 0.0333069
