8 0.632913 0.430149 0.168249 0.364571
0 0.336828 0.333231 0.673656 0.645787
11 0.590729 0.707636 0.0637922 0.157986
5 0.467431 0.420083 0.164643 0.351596
1 0.177861 0.285874 0.355647 0.571747
19 0.397817 0.190013 0.795634 0.380025
2 0.516159 0.70449 0.0632235 0.153927
1 0.27398 0.391136 0.54796 0.745773
4 0.44758 0.700327 0.0650796 0.162011
1 0.363079 0.56929 0.0435739 0.0643468
10 0.293386 0.413861 0.172098 0.35519
1 0.551081 0.765018 0.0225382 0.0333776
8 0.292505 0.41348 0.170246 0.357968
19 0.780556 0.37267 0.0815639 0.108448
0 0.254544 0.336433 0.507486 0.672866
