2 0.590286 0.709418 0.0627462 0.160182
0 0.327805 0.329475 0.655609 0.652863
7 0.462874 0.421666 0.161024 0.359606
6 0.638002 0.431118 0.173713 0.343828
1 0.177949 0.286924 0.355899 0.573847
1 0.280584 0.399136 0.561167 0.725166
3 0.536918 0.707053 0.0354683 0.1517
19 0.391078 0.191715 0.776513 0.38343
4 0.448534 0.701785 0.0684607 0.162249
19 0.781405 0.372456 0.079111 0.102406
7 0.297212 0.415124 0.156103 0.357689
1 0.36364 0.569157 0.0455632 0.0655139
11 0.298989 0.413954 0.155781 0.355861
1 0.553369 0.767158 0.0209457 0.0354139
