2 0.590569 0.709276 0.061397 0.159969
0 0.329369 0.335729 0.658738 0.663626
5 0.467813 0.424028 0.162271 0.356166
19 0.388198 0.192551 0.776395 0.385102
1 0.280597 0.38289 0.561194 0.765779
1 0.176668 0.2871 0.352914 0.574199
4 0.448349 0.701652 0.0684902 0.163763
11 0.30006 0.411825 0.159087 0.353722
3 0.536466 0.707622 0.0341784 0.154106
1 0.363489 0.569864 0.0446026 0.06556
19 0.780605 0.373512 0.0786636 0.10088
7 0.297599 0.413316 0.157862 0.357431
1 0.553223 0.767977 0.022279 0.0359813
0 0.333513 0.332842 0.667027 0.665685
11 0.633779 0.43038 0.172188 0.363854
5 0.634735 0.430262 0.168436 0.359203
