2 0.590805 0.709131 0.062111 0.159905
7 0.462591 0.421613 0.163751 0.357306
0 0.338567 0.331589 0.677134 0.653681
2 0.634859 0.430887 0.173586 0.360933
1 0.283096 0.392388 0.566191 0.743105
19 0.396619 0.192284 0.793238 0.384567
1 0.178341 0.286671 0.356681 0.573341
4 0.448472 0.701164 0.0707737 0.162859
3 0.536126 0.707228 0.0345221 0.149447
7 0.296874 0.414989 0.155902 0.357342
1 0.36324 0.570192 0.0462679 0.0670747
11 0.298462 0.413786 0.155675 0.355731
19 0.781155 0.371207 0.0809896 0.104723
1 0.553206 0.76759 0.0227869 0.0327147
