2 0.59095 0.709344 0.0605321 0.15949
0 0.328084 0.329129 0.656169 0.656047
1 0.176728 0.28628 0.353195 0.57256
8 0.286401 0.414141 0.158484 0.356653
7 0.462931 0.421162 0.160075 0.36192
19 0.396992 0.190263 0.793984 0.380526
1 0.278113 0.39124 0.556226 0.744551
3 0.535905 0.707628 0.0336382 0.151567
4 0.634798 0.430165 0.172736 0.362251
1 0.363122 0.570151 0.0429926 0.0617372
1 0.552323 0.76757 0.0230469 0.0359768
4 0.447583 0.700645 0.0668297 0.161377
7 0.634316 0.429798 0.171098 0.362033
19 0.780853 0.370991 0.0813233 0.107383
