2 0.590042 0.70924 0.0631831 0.159601
0 0.325983 0.344096 0.651965 0.658341
6 0.634456 0.431868 0.180822 0.344663
1 0.182726 0.286886 0.365452 0.573771
19 0.395616 0.205976 0.791232 0.353782
1 0.277738 0.394521 0.555476 0.741757
4 0.448051 0.701144 0.0686685 0.161241
3 0.53645 0.706499 0.0350144 0.149693
9 0.311764 0.412419 0.138127 0.357222
10 0.46477 0.420855 0.165923 0.356024
19 0.780775 0.370032 0.0807127 0.106545
8 0.463867 0.422241 0.165477 0.356012
1 0.552966 0.767325 0.0207405 0.0328599
