2 0.590579 0.709183 0.0623242 0.158536
5 0.468196 0.421367 0.162216 0.35113
0 0.334196 0.339915 0.668392 0.651545
2 0.635447 0.429727 0.17332 0.356841
1 0.280522 0.390657 0.561044 0.742019
19 0.395615 0.191301 0.782621 0.382602
11 0.3003 0.410969 0.158227 0.35271
3 0.535865 0.707153 0.0338515 0.149087
1 0.179089 0.284784 0.358178 0.569567
1 0.363538 0.569349 0.04373 0.0646467
4 0.448468 0.700815 0.0694095 0.161814
7 0.29789 0.412763 0.157256 0.356852
1 0.55343 0.767034 0.0211247 0.0323156
19 0.781074 0.372096 0.080383 0.107221
