2 0.593867 0.70973 0.0601008 0.158738
19 0.389165 0.191169 0.778329 0.382337
4 0.449735 0.700227 0.0685444 0.161285
0 0.331342 0.334029 0.662684 0.665125
7 0.293966 0.413325 0.149327 0.357725
1 0.280603 0.380909 0.561206 0.761818
10 0.466434 0.421422 0.169294 0.358418
1 0.179821 0.285923 0.359603 0.571847
10 0.637358 0.42984 0.171381 0.358608
3 0.53873 0.708395 0.0336216 0.149002
19 0.783797 0.371355 0.0826195 0.095074
1 0.555507 0.768177 0.0227295 0.0330443
8 0.466657 0.421628 0.169503 0.359891
