0 0.333764 0.334566 0.667528 0.669132
11 0.590886 0.707893 0.0659216 0.159722
1 0.179786 0.285191 0.359571 0.570382
19 0.395355 0.188173 0.790709 0.376346
7 0.463116 0.420545 0.157903 0.363475
1 0.179813 0.288215 0.359626 0.576429
2 0.517599 0.704503 0.0646744 0.157444
4 0.448442 0.701855 0.0648524 0.163462
1 0.274537 0.385326 0.549075 0.770651
9 0.312623 0.412971 0.131567 0.360892
19 0.781118 0.373054 0.0782875 0.0989086
5 0.63649 0.430149 0.166958 0.361239
1 0.551332 0.765404 0.0241258 0.0356939
11 0.63649 0.42991 0.170006 0.365392
7 0.636926 0.428723 0.170908 0.361318
