2 0.589951 0.708776 0.0622122 0.15849
0 0.324536 0.335488 0.649073 0.66505
8 0.288119 0.413541 0.157475 0.358458
19 0.393636 0.187435 0.787272 0.37487
1 0.2792 0.395803 0.5584 0.732065
4 0.447619 0.700716 0.0673854 0.160728
1 0.179262 0.285005 0.358136 0.570009
3 0.535851 0.706874 0.0334759 0.149259
19 0.780561 0.37094 0.080673 0.103572
1 0.552542 0.767862 0.0206662 0.0333304
7 0.465505 0.420094 0.166876 0.35576
8 0.465389 0.421869 0.166611 0.3559
11 0.634673 0.430555 0.170303 0.36097
5 0.63521 0.430445 0.167252 0.35789
1 0.363572 0.569341 0.0434334 0.0616001
