2 0.590268 0.709499 0.0618406 0.159534
6 0.636593 0.430889 0.175757 0.343826
1 0.176262 0.288801 0.352309 0.577603
11 0.298974 0.412914 0.159773 0.360531
3 0.517068 0.422143 0.0684977 0.338524
1 0.280592 0.383448 0.561183 0.766895
19 0.398004 0.20768 0.796008 0.415359
3 0.536862 0.705998 0.0365837 0.151909
0 0.327704 0.328589 0.655408 0.657178
19 0.781394 0.374181 0.080266 0.102951
4 0.448402 0.700401 0.0702467 0.165282
7 0.297501 0.41253 0.159383 0.361338
1 0.365144 0.569682 0.0474257 0.062567
1 0.553433 0.767391 0.0209473 0.0345042
