8 0.287312 0.412145 0.153943 0.360009
2 0.589845 0.70871 0.0628116 0.159127
5 0.46898 0.421484 0.161597 0.355995
0 0.330095 0.331934 0.660191 0.662676
1 0.280528 0.398253 0.561057 0.731077
4 0.447177 0.701444 0.0664358 0.160118
19 0.392589 0.189003 0.777163 0.378006
3 0.536243 0.705392 0.0340585 0.150051
1 0.363182 0.568885 0.0396672 0.0608201
9 0.646181 0.427339 0.146884 0.358475
1 0.175344 0.284558 0.350288 0.569116
1 0.552607 0.767349 0.020501 0.0333911
19 0.780803 0.371229 0.078377 0.105342
