0 0.325686 0.337233 0.651372 0.659448
2 0.590525 0.708253 0.0616888 0.158382
6 0.640149 0.432461 0.166152 0.343229
19 0.364165 0.188816 0.722182 0.377631
1 0.179789 0.285437 0.359578 0.570875
1 0.280379 0.402062 0.560758 0.717279
4 0.448219 0.701244 0.067448 0.159123
3 0.536792 0.706517 0.0345654 0.151298
4 0.465033 0.421846 0.166387 0.353883
11 0.300248 0.412721 0.161113 0.357292
7 0.298349 0.412838 0.160563 0.358583
1 0.553272 0.76763 0.0200654 0.0326848
7 0.464776 0.423108 0.1655 0.354732
19 0.780875 0.373227 0.0805729 0.104506
