2 0.593999 0.710366 0.0612286 0.158755
4 0.450092 0.700865 0.0696106 0.161146
19 0.397892 0.193143 0.795784 0.386287
0 0.334228 0.338487 0.668456 0.655521
7 0.294151 0.41365 0.151975 0.358575
2 0.638525 0.431176 0.173092 0.357042
1 0.280331 0.384834 0.560661 0.755377
10 0.466196 0.422383 0.167552 0.360096
1 0.179834 0.285038 0.359668 0.570076
3 0.538104 0.708996 0.0342214 0.14927
8 0.466389 0.421948 0.168232 0.360056
1 0.555229 0.768785 0.0237247 0.0344569
19 0.784251 0.369383 0.0836324 0.105364
