2 0.589658 0.709448 0.063015 0.160351
7 0.292141 0.413657 0.149141 0.362035
4 0.447733 0.700977 0.0683159 0.161817
0 0.328068 0.333571 0.656137 0.652204
19 0.394075 0.194245 0.788151 0.38849
1 0.278746 0.396926 0.557493 0.733904
3 0.536539 0.706316 0.0352497 0.150954
1 0.17817 0.286644 0.356062 0.573288
7 0.466175 0.421886 0.170597 0.359239
1 0.363093 0.569986 0.0451766 0.0671698
19 0.781415 0.371104 0.079335 0.101232
5 0.466261 0.422315 0.167363 0.358063
1 0.552554 0.767444 0.0208927 0.0356315
3 0.689307 0.432237 0.0656618 0.342189
11 0.466785 0.421014 0.169218 0.360317
