8 0.63285 0.431739 0.168953 0.364356
2 0.590894 0.709345 0.0620042 0.161735
6 0.46528 0.423708 0.174315 0.339239
0 0.33413 0.332748 0.668259 0.647474
19 0.398022 0.19723 0.796043 0.376252
1 0.177463 0.287474 0.354439 0.574949
1 0.282128 0.391105 0.564256 0.745451
3 0.536497 0.706629 0.0342743 0.150241
4 0.449494 0.699645 0.0710714 0.166818
11 0.29922 0.413889 0.157713 0.355261
7 0.297916 0.41421 0.158009 0.357179
1 0.364983 0.56959 0.047256 0.0634883
1 0.553494 0.767206 0.0228209 0.0345837
0 0.338352 0.324167 0.676703 0.648335
