2 0.590362 0.708847 0.0626418 0.159754
8 0.287955 0.414092 0.158418 0.360298
19 0.393802 0.20192 0.787603 0.40384
0 0.335004 0.330984 0.670007 0.661968
3 0.517126 0.424447 0.0651496 0.338116
1 0.280492 0.382974 0.560984 0.765947
4 0.448537 0.698306 0.0698968 0.167649
3 0.53569 0.706422 0.0342712 0.149991
1 0.180222 0.286576 0.360039 0.573152
10 0.634196 0.428137 0.170543 0.359198
1 0.364351 0.570047 0.0450661 0.063127
1 0.552909 0.767454 0.0212782 0.0329856
19 0.780138 0.371957 0.0823978 0.10199
