2 0.59346 0.711448 0.0611082 0.166295
0 0.32954 0.332774 0.659079 0.665549
6 0.637899 0.42697 0.171132 0.352477
5 0.306048 0.417143 0.157124 0.366602
19 0.378492 0.189914 0.755 0.379829
1 0.282794 0.386338 0.565588 0.772676
1 0.181053 0.286986 0.362106 0.573971
4 0.452106 0.707947 0.0679712 0.166673
3 0.540993 0.711118 0.0347721 0.162453
19 0.781202 0.360862 0.0794465 0.10912
11 0.466001 0.420521 0.169117 0.369993
1 0.556505 0.772133 0.0222086 0.0412795
1 0.368028 0.574553 0.0465982 0.068602
7 0.465981 0.422218 0.170722 0.366319
