36 0.39711 0.233322 0.79422 0.270318
2 0.191228 0.293136 0.382455 0.577327
5 0.447127 0.700088 0.0682013 0.156798
12 0.590266 0.7069 0.0611419 0.157722
8 0.464133 0.425369 0.159924 0.36899
2 0.25622 0.381904 0.51244 0.763808
1 0.319402 0.377524 0.638804 0.612616
13 0.201104 0.374084 0.391911 0.748169
10 0.313902 0.416639 0.135046 0.353558
3 0.517416 0.701861 0.0617305 0.154057
11 0.517723 0.70208 0.0601734 0.152204
8 0.639009 0.436838 0.168177 0.358495
2 0.553094 0.763381 0.0176773 0.0334982
6 0.638973 0.436552 0.168728 0.357021
