2 0.590106 0.709266 0.0626637 0.158437
8 0.287199 0.412849 0.156641 0.360185
0 0.32397 0.334985 0.64794 0.669971
4 0.447109 0.701036 0.0663019 0.159633
5 0.637847 0.430049 0.162036 0.359392
1 0.178099 0.284977 0.355816 0.569953
19 0.393877 0.187761 0.787755 0.375522
1 0.278095 0.384723 0.556189 0.759172
4 0.466485 0.421366 0.167213 0.35807
3 0.535319 0.706212 0.0343216 0.150623
1 0.552657 0.767223 0.0212416 0.0346404
7 0.46582 0.421268 0.164809 0.360156
19 0.780333 0.371824 0.0819638 0.10506
1 0.363544 0.570122 0.0392028 0.0608044
