2 0.593784 0.711583 0.0611044 0.159868
0 0.326793 0.33421 0.653587 0.661793
4 0.449633 0.700824 0.0674612 0.163002
5 0.639689 0.430341 0.167071 0.360142
19 0.393023 0.190805 0.786047 0.381611
7 0.293859 0.413578 0.151208 0.361328
10 0.467095 0.422886 0.169685 0.361494
1 0.279308 0.382461 0.558616 0.764922
1 0.178764 0.28539 0.357528 0.570781
3 0.538024 0.710161 0.0337445 0.153168
19 0.784079 0.37127 0.0834106 0.101747
1 0.555282 0.769289 0.0235321 0.0392321
8 0.467305 0.421976 0.168847 0.361664
1 0.365054 0.571106 0.0460509 0.0652648
