2 0.593846 0.710698 0.0617378 0.163959
0 0.328662 0.335194 0.657325 0.670388
6 0.638083 0.426908 0.17183 0.352081
5 0.304964 0.416225 0.161084 0.365016
4 0.452177 0.706396 0.0675568 0.165542
19 0.376143 0.185068 0.750241 0.370136
10 0.465191 0.419167 0.165446 0.366053
1 0.181475 0.290169 0.36295 0.580337
1 0.279088 0.386754 0.558176 0.762605
19 0.781199 0.360156 0.0791498 0.106052
3 0.540245 0.71009 0.0324794 0.158663
1 0.556952 0.770948 0.0208628 0.0395765
8 0.465701 0.420305 0.166035 0.366692
